"""
moc = [4, 8, 9, 16, 25, 27, 32, 36, 49, 64, 81, 100, 121, 125, 128, 144, 169, 196, 216, 225, 243, 256, 289, 324, 343, 361, 400, 441, 484, 512, 529, 576, 625, 676, 729, 784, 841, 900, 961, 1000]

pr = [2, 3, 5, 7, 11, 13, 17, 19, 23, 29, 31, 37, 41, 43, 47, 53, 59, 61, 67, 71, 73, 79, 83, 89, 97, 101, 103, 107, 109, 113, 127, 131, 137, 139, 149, 151, 157, 163, 167, 173, 179, 181, 191, 193, 197, 199, 211, 223, 227, 229, 233, 239, 241, 251, 257, 263, 269, 271, 277, 281, 283, 293, 307, 311, 313, 317, 331, 337, 347, 349, 353, 359, 367, 373, 379, 383, 389, 397, 401, 409, 419, 421, 431, 433, 439, 443, 449, 457, 461, 463, 467, 479, 487, 491, 499, 503, 509, 521, 523, 541, 547, 557, 563, 569, 571, 577, 587, 593, 599, 601, 607, 613, 617, 619, 631, 641, 643, 647, 653, 659, 661, 673, 677, 683, 691, 701, 709, 719, 727, 733, 739, 743, 751, 757, 761, 769, 773, 787, 797, 809, 811, 821, 823, 827, 829, 839, 853, 857, 859, 863, 877, 881, 883, 887, 907, 911, 919, 929, 937, 941, 947, 953, 967, 971, 977, 983, 991, 997]
x = moc+pr
x = sorted(list(set(x)))
print(x)
"""
x = [2, 3, 4, 5, 7, 8, 9, 11, 13, 16, 17, 19, 23, 25, 27, 29, 31, 32, 36, 37, 41, 43, 47, 49, 53, 59, 61, 64, 67, 71, 73, 79, 81, 83, 89, 97, 100, 101, 103, 107, 109, 113, 121, 125, 127, 128, 131, 137, 139, 144, 149, 151, 157, 163, 167, 169, 173, 179, 181, 191, 193, 196, 197, 199, 211, 216, 223, 225, 227, 229, 233, 239, 241, 243, 251, 256, 257, 263, 269, 271, 277, 281, 283, 289, 293, 307, 311, 313, 317, 324, 331, 337, 343, 347, 349, 353, 359, 361, 367, 373, 379, 383, 389, 397, 400, 401, 409, 419, 421, 431, 433, 439, 441, 443, 449, 457, 461, 463, 467, 479, 484, 487, 491, 499, 503, 509, 512, 521, 523, 529, 541, 547, 557, 563, 569, 571, 576, 577, 587, 593, 599, 601, 607, 613, 617, 619, 625, 631, 641, 643, 647, 653, 659, 661, 673, 676, 677, 683, 691, 701, 709, 719, 727, 729, 733, 739, 743, 751, 757, 761, 769, 773, 784, 787, 797, 809, 811, 821, 823, 827, 829, 839, 841, 853, 857, 859, 863, 877, 881, 883, 887, 900, 907, 911, 919, 929, 937, 941, 947, 953, 961, 967, 971, 977, 983, 991, 997, 1000]
n = int(input())
kde = 0
for i in range(len(x)):
    if x[i] > n:
        kde = i
        break
print(kde)
print(*x[:kde])